<?xml version="1.0" encoding="utf-8"?>
<opencv_storage>
   <intrinsic_matrix1 type_id="opencv-matrix">
      <rows>3</rows>
      <cols>3</cols>
      <dt>d</dt>
      <data>1702.0483552959278768 0.0000000000000000 645.8869557905784404 
0.0000000000000000 1701.8883983631808405 506.1228511969516717 
0.0000000000000000 0.0000000000000000 1.0000000000000000 
</data>
   </intrinsic_matrix1>
   <distortion_coeffs1 type_id="opencv-matrix">
      <rows>4</rows>
      <cols>1</cols>
      <dt>d</dt>
      <data>-0.2083669064486201 0.1916923443124589 0.0009204441569190 0.0011502213620198 </data>
   </distortion_coeffs1>
   <rotation_vectors1 type_id="opencv-matrix">
      <rows>25</rows>
      <cols>3</cols>
      <dt>d</dt>
      <data>-0.1422138169621901 -0.2643680371007512 -0.0755496788069309 
-0.1424963663423113 -0.2645957630598400 -0.0756054609726771 
-0.1427916902005975 -0.2643275259261031 -0.0756926219189128 
-0.1428212287450174 -0.2642394606616397 -0.0757366666037023 
-0.1433397966430927 -0.2640564062439415 -0.0758231175784517 
-0.1433203068638778 -0.2639236573667375 -0.0758509929670916 
-0.1436878542477990 -0.2637650658322085 -0.0758720898365350 
-0.1441127817227440 -0.2635809730095415 -0.0759636747112932 
-0.1446144777598703 -0.2637249906697882 -0.0760126373045137 
-0.1455207934078538 -0.2638996994386474 -0.0761417611633698 
-0.1451925676999445 -0.2638077293145985 -0.0761142168890359 
-0.1463697551148018 -0.2125769742677687 -0.0588739039363926 
-0.1570781728893410 0.1346261062089459 0.0465312965195140 
-0.1760726961465764 0.1477272738937044 0.0392048740421400 
-0.1725508073954013 -0.3059655761607855 -0.0860110528464411 
-0.1793444758113745 0.1035749453006541 0.0228789620972536 
0.0187774363052816 -0.3813757891461013 -0.0902620377677819 
0.3306144677827004 -0.1917638303186128 -0.0665288998790320 
0.3934629182298721 0.2386881494025489 -0.0172715399262093 
0.3854579103121890 0.3477250517604307 -0.0153916084648835 
0.3497661062829603 -0.1762455152127661 -0.1154366342540233 
-0.3029448835137837 0.0986086576958094 0.0987127977831291 
-0.1772819787046443 -0.1398355647870826 -0.0471691057502040 
-0.0759136587259002 -0.2837288875357972 -0.0676196159508514 
-0.0813865135570433 0.0751941317198536 0.0161465838639260 
</data>
   </rotation_vectors1>
   <translation_vectors1 type_id="opencv-matrix">
      <rows>25</rows>
      <cols>3</cols>
      <dt>d</dt>
      <data>-131.5700403613147103 17.6566308163959036 438.7668050304499161 
-134.5447748994331221 16.0689307945631299 448.4740666823095125 
-137.5360475919149792 14.4773910970000177 458.2186506139881317 
-140.5180685851888143 12.8817422301716249 467.9494110209635664 
-143.5002556208515045 11.2794259353672111 477.6618266127945844 
-146.4809564265119946 9.6852255755697314 487.3740660117567245 
-149.4642163252420630 8.0857217158373036 497.1197654003028106 
-152.4553038237860960 6.4837140753868079 506.8742613037941283 
-155.4339786188561163 4.8902040161520013 516.5654006725168301 
-158.4087375453271420 3.2970612111844102 526.2637540759853891 
-161.3997918797986415 1.6849755822671444 535.9892320691109262 
-136.4303057326164605 -1.3227618849247804 551.5307108643755782 
-73.7870842782565433 -10.5420935762091830 600.1872403072314910 
-78.5217002362068683 -15.6170612523458647 646.1034618908113316 
-151.4312546992975967 -7.3862022882828526 599.7805999183036647 
-99.8135769365640897 -19.0084230789125677 670.0856539567176924 
-155.5148077699099360 8.2982250093007472 444.5389510423399884 
-148.9305456263612371 -107.5023816056976500 581.1235460464224616 
-107.9626235183229284 -136.5101082679247497 688.4707962845500333 
6.1872698385872171 -135.5435212380095038 681.6498830739992627 
-185.6590707549678143 -118.7463106228680800 646.6244009665078920 
-61.6350214913960173 -45.8448166172530946 713.5362937458157830 
-164.4978225056999577 -9.9105955308781830 617.5738196720627684 
-162.1161191000659016 -7.4728695884806866 572.7632118290771359 
-81.4903239394508034 -16.5355180585937660 623.0964890004124754 
</data>
   </translation_vectors1>
</opencv_storage>