%YAML:1.0
---
cameraMatrix: !!opencv-matrix
   rows: 3
   cols: 3
   dt: d
   data: [ 1.7020483552959279e+03, 0., 6.4588695579057844e+02, 0.,
       1.7018883983631808e+03, 5.0612285119695167e+02, 0., 0., 1. ]
distCoeffs: !!opencv-matrix
   rows: 4
   cols: 1
   dt: d
   data: [ -2.0836690644862010e-01, 1.9169234431245891e-01,
       9.2044415691900001e-04, 1.1502213620198001e-03 ]
planes number: 20
Lineplane0: !!opencv-matrix
   rows: 10
   cols: 7
   dt: d
   data: [ 2.6676071538359680e-01, -1.5687245508864642e-01,
       4.7663436214507078e+02, -7.4887849390506744e-02,
       4.6174472045898438e+02, -7.3994576930999756e-02,
       4.5222399902343750e+02, 2.6699825668923538e-01,
       -1.5719105352296694e-01, 4.8692317918764888e+02,
       -7.3994576930999756e-02, 4.5222399902343750e+02,
       -7.2058267891407013e-02, 4.4252847290039063e+02,
       2.6669793044554752e-01, -1.5749318537513829e-01,
       4.9717932030818844e+02, -7.2058267891407013e-02,
       4.4252847290039063e+02, -7.1455441415309906e-02,
       4.3391744995117188e+02, 2.6659895600186262e-01,
       -1.5752390324233262e-01, 5.0744056372214663e+02,
       -7.1455441415309906e-02, 4.3391744995117188e+02,
       -7.0106260478496552e-02, 4.2529153442382813e+02,
       2.6638770423732810e-01, -1.5806531995427062e-01,
       5.1767141633443612e+02, -7.0106260478496552e-02,
       4.2529153442382813e+02, -6.9143407046794891e-02,
       4.1724954223632813e+02, 2.6624247618819685e-01,
       -1.5803950059061095e-01, 5.2790416677852352e+02,
       -6.9143407046794891e-02, 4.1724954223632813e+02,
       -6.8581663072109222e-02, 4.0969033813476563e+02,
       2.6606490760520879e-01, -1.5841591682463368e-01,
       5.3816785532576534e+02, -6.8581663072109222e-02,
       4.0969033813476563e+02, -6.7776359617710114e-02,
       4.0219519042968750e+02, 2.6585334134439426e-01,
       -1.5885999842313603e-01, 5.4843501603847983e+02,
       -6.7776359617710114e-02, 4.0219519042968750e+02,
       -6.6830888390541077e-02, 3.9504187011718750e+02,
       2.6599820634767657e-01, -1.5940145564430463e-01,
       5.5869006582847533e+02, -6.6830888390541077e-02,
       3.9504187011718750e+02, -6.6054850816726685e-02,
       3.8816180419921875e+02, 2.6616445074708212e-01,
       -1.6037938243905053e-01, 5.6895530933947464e+02,
       -6.6054850816726685e-02, 3.8816180419921875e+02,
       -6.5170913934707642e-02, 3.8130892944335938e+02 ]
Lineplane1: !!opencv-matrix
   rows: 10
   cols: 7
   dt: d
   data: [ 2.6676071538343049e-01, -1.5687245509069625e-01,
       4.7663436214502264e+02, -7.8562423586845398e-02,
       4.8451138305664063e+02, -7.6839469373226166e-02,
       4.7447775268554688e+02, 2.6699825668911975e-01,
       -1.5719105352439067e-01, 4.8692317918762075e+02,
       -7.6839469373226166e-02, 4.7447775268554688e+02,
       -7.5221881270408630e-02, 4.6491552734375000e+02,
       2.6669793044556117e-01, -1.5749318537508497e-01,
       4.9717932030819242e+02, -7.5221881270408630e-02,
       4.6491552734375000e+02, -7.4963703751564026e-02,
       4.5648760986328125e+02, 2.6659895600096734e-01,
       -1.5752390325293944e-01, 5.0744056372176959e+02,
       -7.4963703751564026e-02, 4.5648760986328125e+02,
       -7.3653161525726318e-02, 4.4783392333984375e+02,
       2.6638770423726110e-01, -1.5806531995488649e-01,
       5.1767141633442111e+02, -7.3653161525726318e-02,
       4.4783392333984375e+02, -7.2688445448875427e-02,
       4.3985076904296875e+02, 2.6624247618739844e-01,
       -1.5803950060022817e-01, 5.2790416677812516e+02,
       -7.2688445448875427e-02, 4.3985076904296875e+02,
       -7.1760609745979309e-02, 4.3208840942382813e+02,
       2.6606490760518120e-01, -1.5841591682502820e-01,
       5.3816785532578217e+02, -7.1760609745979309e-02,
       4.3208840942382813e+02, -7.0914357900619507e-02,
       4.2464944458007813e+02, 2.6585334134450278e-01,
       -1.5885999842172693e-01, 5.4843501603859193e+02,
       -7.0914357900619507e-02, 4.2464944458007813e+02,
       -7.0449151098728180e-02, 4.1759613037109375e+02,
       2.6599820634940408e-01, -1.5940145562324842e-01,
       5.5869006582954512e+02, -7.0449151098728180e-02,
       4.1759613037109375e+02, -6.9312155246734619e-02,
       4.1051037597656250e+02, 2.6616445074686129e-01,
       -1.6037938244208177e-01, 5.6895530933928592e+02,
       -6.9312155246734619e-02, 4.1051037597656250e+02,
       -6.8709336221218109e-02, 4.0386102294921875e+02 ]
Lineplane2: !!opencv-matrix
   rows: 10
   cols: 7
   dt: d
   data: [ 2.6676071538348367e-01, -1.5687245508997663e-01,
       4.7663436214504111e+02, -8.1693351268768311e-02,
       5.0701486206054688e+02, -8.0487929284572601e-02,
       4.9719183349609375e+02, 2.6699825668935201e-01,
       -1.5719105352164053e-01, 4.8692317918768765e+02,
       -8.0487929284572601e-02, 4.9719183349609375e+02,
       -7.8840538859367371e-02, 4.8772506713867188e+02,
       2.6669793044527601e-01, -1.5749318537832266e-01,
       4.9717932030812398e+02, -7.8840538859367371e-02,
       4.8772506713867188e+02, -7.8206449747085571e-02,
       4.7908428955078125e+02, 2.6659895600124484e-01,
       -1.5752390324994278e-01, 5.0744056372185855e+02,
       -7.8206449747085571e-02, 4.7908428955078125e+02,
       -7.7121421694755554e-02, 4.7054333496093750e+02,
       2.6638770423748170e-01, -1.5806531995247228e-01,
       5.1767141633449864e+02, -7.7121421694755554e-02,
       4.7054333496093750e+02, -7.5711756944656372e-02,
       4.6229235839843750e+02, 2.6624247618680502e-01,
       -1.5803950060710550e-01, 5.2790416677793507e+02,
       -7.5711756944656372e-02, 4.6229235839843750e+02,
       -7.5196273624897003e-02, 4.5485061645507813e+02,
       2.6606490760610846e-01, -1.5841591681396533e-01,
       5.3816785532618098e+02, -7.5196273624897003e-02,
       4.5485061645507813e+02, -7.4095591902732849e-02,
       4.4726879882812500e+02, 2.6585334134396765e-01,
       -1.5885999842792853e-01, 5.4843501603841321e+02,
       -7.4095591902732849e-02, 4.4726879882812500e+02,
       -7.3768325150012970e-02, 4.4028787231445313e+02,
       2.6599820634926891e-01, -1.5940145562488373e-01,
       5.5869006582944655e+02, -7.3768325150012970e-02,
       4.4028787231445313e+02, -7.2660461068153381e-02,
       4.3322045898437500e+02, 2.6616445074574974e-01,
       -1.6037938245508951e-01, 5.6895530933872135e+02,
       -7.2660461068153381e-02, 4.3322045898437500e+02,
       -7.1539066731929779e-02, 4.2630294799804688e+02 ]
