<?xml version="1.0" encoding="utf-8"?>
<opencv_storage>
   <intrinsic_matrix1 type_id="opencv-matrix">
      <rows>3</rows>
      <cols>3</cols>
      <dt>d</dt>
      <data>1715.1928881910148448 0.0000000000000000 635.7662619545811822 
0.0000000000000000 1715.4769394083207317 511.4859991250312987 
0.0000000000000000 0.0000000000000000 1.0000000000000000 
</data>
   </intrinsic_matrix1>
   <distortion_coeffs1 type_id="opencv-matrix">
      <rows>4</rows>
      <cols>1</cols>
      <dt>d</dt>
      <data>-0.2198875662500898 0.3043003982911999 0.0011279994350788 0.0008898203690900 </data>
   </distortion_coeffs1>
   <rotation_vectors1 type_id="opencv-matrix">
      <rows>17</rows>
      <cols>3</cols>
      <dt>d</dt>
      <data>-0.2976591593686971 -0.2176957846568313 -0.0928101239671063 
-0.2791127859299672 -0.0374949800665166 -0.0421544355162683 
-0.2896326980056722 -0.2450116489008951 -0.0990750541044829 
-0.2897822002189361 -0.4030278371179081 -0.1404567451222591 
0.1148969294315459 -0.1178601892423432 -0.0414259748666400 
0.1233102485119933 -0.2036946419426482 -0.0482147572072464 
0.1072489610647275 -0.1206477860093935 -0.0401432757656438 
0.1387611548757400 -0.2718983758497867 -0.0489503944099511 
0.1564305532864378 0.0000763859488072 -0.0333033093014029 
0.1935108154465334 -0.1371754380324226 -0.0424297828510257 
0.1646733094910403 -0.0411111585564592 -0.0385934745721876 
0.1681853746953864 0.4315409840843457 -0.0105272015473344 
0.1800877067559031 0.0811073901775287 -0.0305844149046791 
0.2151196060726422 -0.0168447058416216 -0.0351474337339170 
0.1566406321008427 0.1276630757443136 -0.0267778243195422 
0.1585300052986719 0.2247099367592122 -0.0192077544739339 
0.1366849086565442 0.1463928442272746 -0.0247857577228621 
</data>
   </rotation_vectors1>
   <translation_vectors1 type_id="opencv-matrix">
      <rows>17</rows>
      <cols>3</cols>
      <dt>d</dt>
      <data>-111.9473151072558892 -21.1910906909296202 528.7559917675978340 
-63.6448288470319028 -24.9550884602369365 533.9727106047132565 
-110.0111319783335517 -20.3343763191506675 510.8676938841328479 
-123.5421545193832742 -16.5169206694991146 476.8781645471892148 
-103.4211058570357409 -6.5785282487236865 469.1570366736796700 
-114.0430064368704421 -4.3937705256952091 449.6197833022795862 
-97.2967875510438631 -6.2550987447077251 469.4864968423682967 
-100.5227897888563575 -27.5782426311492834 442.0609145021364839 
-85.8624483561964951 -30.3443587898458595 456.8797212227200930 
-89.4540765925447801 -26.0752265626686572 412.1823900619954770 
-109.6289793547450842 -28.9457146095221916 450.9274790901958454 
-76.6993625469630160 -35.6033144103193138 486.5467826123975215 
-99.0831538487777266 -29.6286163060144894 446.4586509962775267 
-101.5915247043384113 -25.2728103402811541 405.7159930465895172 
-95.7480103901965407 -32.8797527329207213 479.2021235045320964 
-83.6333176878220286 -34.8054903203034698 487.4315475143978347 
-90.0552917821885899 -35.0658091417354996 506.4171544478654710 
</data>
   </translation_vectors1>
</opencv_storage>