%YAML:1.0
---
cameraMatrix: !!opencv-matrix
   rows: 3
   cols: 3
   dt: d
   data: [ 5.0405924232641070e+02, 0., 3.1950000000000000e+02, 0.,
       5.0314238807542489e+02, 2.3950000000000000e+02, 0., 0., 1. ]
distCoeffs: !!opencv-matrix
   rows: 1
   cols: 5
   dt: d
   data: [ 2.0725434942782850e-01, -4.9393181620704379e-01, 0., 0.,
       3.1187883498876517e-01 ]
rotationMatrix: !!opencv-matrix
   rows: 32
   cols: 1
   dt: "3d"
   data: [ -3.1721699895330058e-01, 1.5128413133102911e-01,
       1.5763760092126093e+00, 3.0428048422208420e-01,
       5.8379280659047328e-01, 1.3975539230170806e+00,
       3.2361354276478671e-01, 5.5567658775728890e-01,
       1.3936861878104176e+00, 7.7449854594247247e-01,
       5.3124547791518295e-01, 1.5223319148850341e+00,
       4.1500774871617940e-01, 6.7707263841570875e-01,
       1.3424402244702762e+00, -4.1923394149338900e-01,
       -7.2660689258899214e-01, 1.3649609239578859e+00,
       -4.2909339500674071e-01, -7.6987391573373631e-01,
       1.3397727620265205e+00, -2.3959228212241240e-01,
       -4.8768842703555360e-02, 1.5222497134762263e+00,
       1.0152088366295506e-01, -4.6721267674999456e-01,
       1.4854618829113788e+00, 8.3466892777015478e-01,
       1.9493293855802896e-01, 1.4668227903322748e+00,
       2.7418591113597607e-01, 5.8441714874392059e-01,
       1.3174012648611586e+00, 1.4307337357827893e-01,
       5.6713985778663456e-01, 1.4113800334003443e+00,
       -1.3053737754906797e-01, 2.6242519527108515e-01,
       1.5209260302548613e+00, -1.9894529102960332e-01,
       3.7013372499806829e-01, 1.5508736815304509e+00,
       -3.5102363094128974e-01, -4.7725095182382332e-01,
       1.5960956389623024e+00, -1.5949108281077090e-01,
       4.7057061734557995e-02, 1.5201150519410902e+00,
       -1.6006476726259802e-01, 3.9641021535947835e-01,
       1.4903106549537928e+00, -2.2108765892730184e-01,
       3.1565394267804137e-01, 1.5310616981577376e+00,
       -2.2204700661815366e-01, 3.7808094794133945e-01,
       1.5031355801635387e+00, -8.8122739887019680e-04,
       6.4539019217554325e-02, 1.5620953647416895e+00,
       -4.4982893956923000e-03, 4.4699919715679812e-02,
       1.5669894027049645e+00, -4.2736351074092495e-03,
       3.3595352793760434e-02, 1.5664134971242694e+00,
       -4.5656285420375076e-01, -3.1044088706575779e-01,
       1.5384659602012640e+00, -1.8613574147636272e-02,
       8.3821496475442347e-02, 1.5412581636009937e+00,
       4.3973269362756429e-01, 5.3732587981806046e-01,
       1.3877976537240262e+00, -7.1046367500142893e-01,
       -5.8030907549494293e-01, 1.4492080347896945e+00,
       -5.6601346657636009e-01, -1.0025171352431812e+00,
       1.2358879304639725e+00, 1.0072743665116441e+00,
       4.1109866188394906e-01, 1.4822388608533590e+00,
       6.0870217616074085e-01, 8.4156677175999756e-02,
       1.4927295590933980e+00, -4.1343673739992487e-01,
       -6.6022013318015799e-02, 1.5309354368592254e+00,
       -3.0563431099638821e-01, 1.8666335773131190e-01,
       1.5733851677950035e+00, -2.4364876044698464e-01,
       2.1641939082054593e-01, 1.5588796364056003e+00 ]
translationMatrix: !!opencv-matrix
   rows: 32
   cols: 1
   dt: "3d"
   data: [ 1.3365044610457375e+02, -2.2908878444403509e+01,
       3.2057931781821702e+02, 6.1159855696303993e+01,
       -4.9071614583729058e+01, 2.4769974087632588e+02,
       6.6685247793099904e+01, -6.6041405086822266e+01,
       2.3720146947111840e+02, 3.5852396013291781e+01,
       -5.8647525081166002e+01, 2.0448094387800049e+02,
       1.4007849800228557e+01, -6.0155980606636660e+01,
       2.6449027839554282e+02, 8.2770814724746472e+01,
       -8.0854151087913536e+01, 3.2478328370777149e+02,
       6.9484143870957155e+01, -9.3039852944039396e+01,
       3.2866265298376493e+02, 1.3956194570916500e+02,
       -6.5180134541369384e+01, 3.5181882389632227e+02,
       1.1798778313485333e+02, -6.1913146932147150e+01,
       2.5078928085368159e+02, 2.4656671252744502e+01,
       -5.1197517708768245e+01, 1.9151396141206320e+02,
       4.5118088537955430e+01, -7.7477194171797876e+01,
       2.2237667780863316e+02, 3.9243610316577801e+01,
       -5.9626229953515974e+01, 2.2817730283488837e+02,
       8.3894926242416688e+01, -5.4606778490438408e+01,
       2.4651659203620176e+02, 1.1177505528643407e+02,
       -7.0246379064531197e+01, 2.8248078283366777e+02,
       1.2326479025038618e+02, -6.2936304022821936e+01,
       3.7312343893284100e+02, 6.9665389972514660e+01,
       -5.6027264127723726e+01, 4.8199499747919168e+02,
       8.3503301452206813e+01, -4.8073081640919170e+01,
       3.5117210810334137e+02, 7.5702831036924977e+01,
       -6.1254965487914056e+01, 2.8008159145931307e+02,
       8.6710663357007306e+01, -5.4298052859918087e+01,
       2.6386661717894350e+02, 1.0226942193557802e+02,
       -5.9567042309376617e+01, 2.3383426238838899e+02,
       9.6432216862161155e+01, -6.5290603752429476e+01,
       2.1472564817395372e+02, 9.1189191925314077e+01,
       -7.1260745398068991e+01, 2.0582181093425902e+02,
       1.3198279072674424e+02, -5.7768284488962543e+01,
       3.6241424644375064e+02, 9.0523505972194158e+01,
       -6.3011748363424822e+01, 2.1255163266637499e+02,
       7.3629499640800503e+01, -6.0293628677740003e+01,
       2.3726269208349095e+02, 4.9736676425656121e+01,
       -6.4669370574605296e+01, 3.6503760850737120e+02,
       1.9319452868062886e+01, -1.0929767709936847e+02,
       3.5501101088985433e+02, 5.1878678038095615e+01,
       -5.0089754287970607e+01, 1.8536285972265580e+02,
       6.8768837248161262e+01, -5.0168943936935271e+01,
       1.8023346215726500e+02, 5.1224717177012792e+01,
       -5.5555024454956197e+01, 3.7321895282469956e+02,
       1.2419687722034551e+02, -1.8906304504855157e+01,
       3.3526567024871775e+02, 6.5303813537838963e+01,
       -2.9250153892855298e+01, 3.1834911318160562e+02 ]
