%YAML:1.0
---
cameraMatrix: !!opencv-matrix
   rows: 3
   cols: 3
   dt: d
   data: [ 1.7189394237665745e+03, 0., 6.3950000000000000e+02, 0.,
       1.7189722968495319e+03, 5.1150000000000000e+02, 0., 0., 1. ]
distCoeffs: !!opencv-matrix
   rows: 1
   cols: 5
   dt: d
   data: [ -1.9848058306419059e-01, -6.1815887270957726e-01, 0., 0.,
       7.5361111347076291e+00 ]
rotationMatrix: !!opencv-matrix
   rows: 17
   cols: 1
   dt: "3d"
   data: [ -6.3574760091563553e-03, -1.8169869199759309e-01,
       1.5256211025796571e+00, -6.6651438139588931e-02,
       -2.5681516251910519e-01, 1.5144079387242328e+00,
       -1.4121292311009037e-02, -1.7878695129406938e-01,
       1.5270591632344217e+00, -1.0628676329792026e-01,
       -3.2267125085295684e-01, 1.5084495130457389e+00,
       1.2022782938614210e-01, -1.2164800783049140e-01,
       1.5342466684800735e+00, 4.1109661569486887e-02,
       -2.5872978458084522e-01, 1.5205162240453953e+00,
       9.3077362074558093e-02, -1.6110398749809468e-01,
       1.5282836900645091e+00, 4.6848402138034306e-01,
       2.0469007193497185e-01, 1.5302355236401171e+00,
       2.0204212725247278e-01, -7.7582108065428645e-02,
       1.5349874451864181e+00, 1.5204480142074650e-01,
       -1.8167986565774319e-01, 1.5293659477991473e+00,
       2.2047964393861191e-01, -2.2512296763290886e-02,
       1.5385806769639885e+00, 2.9871061356993273e-01,
       5.1295925022056127e-02, 1.5412359026300686e+00,
       2.2008215639444637e-01, 7.9322650854652347e-03,
       1.5405681540218614e+00, -3.9972538068653429e-01,
       5.9048008672531467e-02, 1.4584578719134291e+00,
       -2.4859971761287900e-01, 1.8612346899083365e-01,
       1.5170785873508401e+00, -4.1391111878155107e-01,
       3.1252388982521591e-02, 1.4511365076310812e+00,
       -5.3305546250279068e-01, -9.0881902043818422e-02,
       1.3954422703639233e+00 ]
translationMatrix: !!opencv-matrix
   rows: 17
   cols: 1
   dt: "3d"
   data: [ 3.8123104142529648e+01, -1.3767340474606867e+01,
       4.8711091599753991e+02, 2.5494598694744909e+01,
       -1.3346996557848113e+01, 4.7955965647492343e+02,
       4.4211901176946704e+01, -1.3217055897739932e+01,
       4.8778768321295877e+02, 3.6705949309873468e+01,
       -3.7493462346435415e+01, 4.8138249915640171e+02,
       5.6802908077525430e+01, -3.5394904368128898e+01,
       4.5772965552072856e+02, 5.1887401438517976e+01,
       -3.4288434023008648e+01, 4.3239632933943153e+02,
       3.2886387064900283e+01, -3.5246070973912431e+01,
       4.5775828213213583e+02, 5.2939585613443988e+01,
       -3.2182226254042000e+01, 4.2741572161835796e+02,
       4.3183832761786533e+01, -3.3225366460007827e+01,
       4.3563049816493356e+02, 4.1181281285275261e+01,
       -3.0806226656548965e+01, 4.0879799778412303e+02,
       4.5761103284490176e+01, -3.5556495399898566e+01,
       4.6186008011058237e+02, 5.5468672677549179e+01,
       -3.5262361729380437e+01, 4.5633327411989433e+02,
       5.1016674661569937e+01, -3.7472648460080840e+01,
       4.8641173263510746e+02, 2.6551785501115518e+01,
       -2.9962532610813035e+01, 5.6261246129614881e+02,
       7.8661341943089496e+01, -3.0507050829741850e+01,
       5.4135818970668856e+02, 2.7547096081024179e+01,
       -2.9530620774967016e+01, 5.4854938269515856e+02,
       6.1905865984081130e+00, -2.7963944298360449e+01,
       5.3639818530952232e+02 ]
