%YAML:1.0
---
cameraMatrix: !!opencv-matrix
   rows: 3
   cols: 3
   dt: d
   data: [ 1.6931563202293371e+03, 0., 6.3767792075454111e+02, 0.,
       1.6923842340632336e+03, 5.0439624430536406e+02, 0., 0., 1. ]
distCoeffs: !!opencv-matrix
   rows: 4
   cols: 1
   dt: d
   data: [ -1.9906930755372740e-01, 9.2838597295429995e-02,
       -1.4035704268434001e-03, 9.3388505517639998e-04 ]
planes number: 20
Lineplane0: !!opencv-matrix
   rows: 19
   cols: 7
   dt: d
   data: [ 2.8194342472661060e-01, -2.8124652682077855e-01,
       5.6252156199409342e+02, 3.6659896373748779e-02,
       3.0600051879882813e+02, 3.7275385111570358e-02,
       3.0585299682617188e+02, 3.9544910136053502e-01,
       -9.9386514752441020e+00, -1.5922688978334060e+01,
       3.7275385111570358e-02, 3.0585299682617188e+02,
       3.7516184151172638e-02, 3.0620043945312500e+02,
       4.0463120435800193e-01, -1.0708287233844946e+01,
       -6.2151429409840105e+01, 3.7516184151172638e-02,
       3.0620043945312500e+02, 3.6944869905710220e-02,
       3.0660321044921875e+02, 4.0477215021184398e-01,
       -1.0631357226681637e+01, -5.7446317418555843e+01,
       3.6944869905710220e-02, 3.0660321044921875e+02,
       3.7789080291986465e-02, 3.0619464111328125e+02,
       4.0396970472442989e-01, -1.0540206177472488e+01,
       -5.1906617785147326e+01, 3.7789080291986465e-02,
       3.0619464111328125e+02, 3.6607392132282257e-02,
       3.0687936401367188e+02, 4.0332810578150330e-01,
       -1.0589285444595850e+01, -5.4917440086648703e+01,
       3.6607392132282257e-02, 3.0687936401367188e+02,
       3.6370091140270233e-02, 3.0735180664062500e+02,
       3.9511085031230675e-01, -1.0029925819812510e+01,
       -2.0796485303814318e+01, 3.6370091140270233e-02,
       3.0735180664062500e+02, 3.6713302135467529e-02,
       3.0583053588867188e+02, 3.9754166894580523e-01,
       -1.0278272580001429e+01, -3.6360400482320415e+01,
       3.6713302135467529e-02, 3.0583053588867188e+02,
       3.7799492478370667e-02, 3.0502883911132813e+02,
       3.9910415844444314e-01, -1.0468229699538210e+01,
       -4.8258878304559509e+01, 3.7799492478370667e-02,
       3.0502883911132813e+02, 3.6403380334377289e-02,
       3.0543148803710938e+02, 3.9974904122385568e-01,
       -1.0614103465397539e+01, -5.7352350386881298e+01,
       3.6403380334377289e-02, 3.0543148803710938e+02,
       3.6907427012920380e-02, 3.0463494873046875e+02,
       4.0030945429923342e-01, -1.0692628511854117e+01,
       -6.2215678793562070e+01, 3.6907427012920380e-02,
       3.0463494873046875e+02, 3.7383608520030975e-02,
       3.0418859863281250e+02, 4.0063762191297264e-01,
       -1.0720499206073500e+01, -6.3930832442409738e+01,
       3.7383608520030975e-02, 3.0418859863281250e+02,
       3.7619110196828842e-02, 3.0372314453125000e+02,
       4.0048215081121180e-01, -1.0732946440193228e+01,
       -6.4708589603299416e+01, 3.7619110196828842e-02,
       3.0372314453125000e+02, 3.6688562482595444e-02,
       3.0405740356445313e+02, 4.0027753995674548e-01,
       -1.0752724435661024e+01, -6.5939217122516595e+01,
       3.6688562482595444e-02, 3.0405740356445313e+02,
       3.7573162466287613e-02, 3.0299807739257813e+02,
       4.0022197958566808e-01, -1.0749727321206615e+01,
       -6.5759440014214661e+01, 3.7573162466287613e-02,
       3.0299807739257813e+02, 3.7966456264257431e-02,
       3.0236117553710938e+02, 4.0026597489952942e-01,
       -1.0739951219273580e+01, -6.5161667752153875e+01,
       3.7966456264257431e-02, 3.0236117553710938e+02,
       3.8530018180608749e-02, 3.0193533325195313e+02,
       4.0034221165234246e-01, -1.0736259182120293e+01,
       -6.4934706343583954e+01, 3.8530018180608749e-02,
       3.0193533325195313e+02, 3.8274060934782028e-02,
       3.0156762695312500e+02, 4.0049883175538681e-01,
       -1.0740549509361273e+01, -6.5188709470997480e+01,
       3.8274060934782028e-02, 3.0156762695312500e+02,
       3.8888368755578995e-02, 3.0074652099609375e+02,
       4.0082304621262022e-01, -1.0749912131747536e+01,
       -6.5740622866923232e+01, 3.8888368755578995e-02,
       3.0074652099609375e+02, 3.9135213941335678e-02,
       3.0004425048828125e+02 ]
Lineplane1: !!opencv-matrix
   rows: 19
   cols: 7
   dt: d
   data: [ 2.8194342474621920e-01, -2.8124652852217608e-01,
       5.6252156189298296e+02, 3.4096822142601013e-02,
       3.2707897949218750e+02, 3.4363724291324615e-02,
       3.2710650634765625e+02, 3.9846828737377882e-01,
       -1.0505906205505854e+01, 2.0138243574132517e+01,
       3.4363724291324615e-02, 3.2710650634765625e+02,
       3.3414550125598907e-02, 3.2801623535156250e+02,
       4.1461040995384146e-01, -1.2038639061422050e+01,
       -6.1485786366647382e+01, 3.3414550125598907e-02,
       3.2801623535156250e+02, 3.4151732921600342e-02,
       3.2778778076171875e+02, 4.1711760155858701e-01,
       -1.2116306778724239e+01, -6.5512468349136299e+01,
       3.4151732921600342e-02, 3.2778778076171875e+02,
       3.4445207566022873e-02, 3.2778793334960938e+02,
       4.1796319900567513e-01, -1.2125753444722591e+01,
       -6.5957266954292862e+01, 3.4445207566022873e-02,
       3.2778793334960938e+02, 3.3950902521610260e-02,
       3.2811114501953125e+02, 4.1890299722072594e-01,
       -1.2205760282599634e+01, -7.0229468730291217e+01,
       3.3950902521610260e-02, 3.2811114501953125e+02,
       3.4031648188829422e-02, 3.2837954711914063e+02,
       4.0818045533339842e-01, -1.1363193139249251e+01,
       -2.4655288426869436e+01, 3.4031648188829422e-02,
       3.2837954711914063e+02, 3.3930715173482895e-02,
       3.2699838256835938e+02, 4.1126086442187249e-01,
       -1.1642102155965578e+01, -4.0109588721950679e+01,
       3.3930715173482895e-02, 3.2699838256835938e+02,
       3.5051058977842331e-02, 3.2641900634765625e+02,
       4.1332253626679782e-01, -1.1846839987499536e+01,
       -5.1448443412792827e+01, 3.5051058977842331e-02,
       3.2641900634765625e+02, 3.3824961632490158e-02,
       3.2657229614257813e+02, 4.1472139932681107e-01,
       -1.2028902712719454e+01, -6.1473397382457790e+01,
       3.3824961632490158e-02, 3.2657229614257813e+02,
       3.4413639456033707e-02, 3.2583425903320313e+02,
       4.1588107739219399e-01, -1.2129400579104074e+01,
       -6.6965987224037647e+01, 3.4413639456033707e-02,
       3.2583425903320313e+02, 3.4845259040594101e-02,
       3.2532302856445313e+02, 4.1645862774696046e-01,
       -1.2177078284325196e+01, -6.9562130537120055e+01,
       3.4845259040594101e-02, 3.2532302856445313e+02,
       3.4448850899934769e-02, 3.2522369384765625e+02,
       4.1656387127116784e-01, -1.2205255752639530e+01,
       -7.1103197959025636e+01, 3.4448850899934769e-02,
       3.2522369384765625e+02, 3.4416973590850830e-02,
       3.2500994873046875e+02, 4.1682674260475505e-01,
       -1.2239927118834604e+01, -7.2988211561993509e+01,
       3.4416973590850830e-02, 3.2500994873046875e+02,
       3.4999839961528778e-02, 3.2417694091796875e+02,
       4.1698764550147394e-01, -1.2230653748017863e+01,
       -7.2479315862937327e+01, 3.4999839961528778e-02,
       3.2417694091796875e+02, 3.5539917647838593e-02,
       3.2356765747070313e+02, 4.1727024373985322e-01,
       -1.2224575145241916e+01, -7.2139304706807636e+01,
       3.5539917647838593e-02, 3.2356765747070313e+02,
       3.5763684660196304e-02, 3.2308587646484375e+02,
       4.1767467513771828e-01, -1.2228407346242802e+01,
       -7.2329187432392004e+01, 3.5763684660196304e-02,
       3.2308587646484375e+02, 3.6020100116729736e-02,
       3.2261291503906250e+02, 4.1829881684280629e-01,
       -1.2229428175930808e+01, -7.2358186278387805e+01,
       3.6020100116729736e-02, 3.2261291503906250e+02,
       3.7250235676765442e-02, 3.2151101684570313e+02,
       4.1929078284043314e-01, -1.2237404057531585e+01,
       -7.2744087870879639e+01, 3.7250235676765442e-02,
       3.2151101684570313e+02, 3.7812780588865280e-02,
       3.2061224365234375e+02 ]
