<?xml version="1.0" encoding="utf-8"?>
<opencv_storage>
   <intrinsic_matrix1 type_id="opencv-matrix">
      <rows>3</rows>
      <cols>3</cols>
      <dt>d</dt>
      <data>1693.1563204439607944 0.0000000000000000 637.6779210539619953 
0.0000000000000000 1692.3842342796024241 504.3962442232959802 
0.0000000000000000 0.0000000000000000 1.0000000000000000 
</data>
   </intrinsic_matrix1>
   <distortion_coeffs1 type_id="opencv-matrix">
      <rows>4</rows>
      <cols>1</cols>
      <dt>d</dt>
      <data>-0.1990693073485253 0.0928385961436022 -0.0014035704296413 0.0009338850800197 </data>
   </distortion_coeffs1>
   <rotation_vectors1 type_id="opencv-matrix">
      <rows>33</rows>
      <cols>3</cols>
      <dt>d</dt>
      <data>-0.2579530607053940 -0.2777588916910136 -0.0705764173542151 
-0.2586825038605480 -0.2840089986046228 -0.0721364442970110 
-0.2595703626041536 -0.2935115204271233 -0.0744773121497565 
-0.2607385007889664 -0.2836872608011882 -0.0724631896436265 
-0.2605256448226040 -0.2895335565058757 -0.0737011430449307 
-0.2607646987331344 -0.2942834144096133 -0.0748585183703148 
-0.2612458681788804 -0.2819669955044546 -0.0720010889901164 
-0.2611330571626955 -0.2883929596257407 -0.0734652193647201 
-0.2617022655732205 -0.2791920131911479 -0.0713630248771864 
-0.2614404030850269 -0.2796351433798369 -0.0714792378755942 
-0.2613604469395864 -0.2714912636752193 -0.0695029120455908 
-0.2610459961312998 -0.2669706887749207 -0.0684106429993029 
-0.2611223036297623 -0.2678017399538783 -0.0685991375603018 
-0.2608614858710441 -0.2625762512954955 -0.0673476599496667 
-0.2607473754728704 -0.2574567902264476 -0.0661013974463175 
-0.2610463026151592 -0.2616063522882742 -0.0670949847847490 
-0.2606855124004677 -0.2626858432387184 -0.0672566615771132 
-0.2608359448861220 -0.2627514478680628 -0.0672872871223514 
-0.2604910715074265 -0.2559822043883954 -0.0656666013860127 
-0.2602998095909655 -0.2599307325400042 -0.0665425271861560 
-0.2583812732233797 -0.0488226151403225 -0.0165853935254528 
-0.2570376072176210 -0.0152572590972937 -0.0085182878494316 
-0.2595904995916388 -0.1345748605113765 -0.0367957818560598 
-0.2597165658042221 -0.1334776744805822 -0.0366634825333942 
-0.2619021257623823 -0.2213355516964115 -0.0577376230666357 
-0.2611567012048788 -0.1736123084021703 -0.0463438435352290 
-0.2604633701805505 -0.1503229016014648 -0.0407932219504944 
-0.2578835807385128 0.0138890060876133 -0.0017869245301120 
-0.2584563389323786 -0.0179446072053226 -0.0093212216657192 
-0.2613732332597297 -0.1755894991493172 -0.0468804020214261 
-0.2487691918790312 0.7185975481092106 0.1667424663883028 
-0.2498431411111651 0.5432992699841246 0.1247642052990582 
-0.2636435314579035 0.3679120129978878 0.0792679372110107 
</data>
   </rotation_vectors1>
   <translation_vectors1 type_id="opencv-matrix">
      <rows>33</rows>
      <cols>3</cols>
      <dt>d</dt>
      <data>-147.2500424299848305 -46.3984849168421292 534.0547935367131913 
-149.4806512845160285 -46.6077828257354909 537.7058077723243059 
-154.3644759921213847 -47.2656306382596512 546.4749122645283705 
-154.6146563002550920 -47.6829971504977053 552.1160754587336896 
-156.4702623408004172 -47.9857579952212987 555.5832613144393690 
-158.0025487299823510 -48.2868571356811884 558.8818732494152073 
-159.3840060337838906 -49.4226554930436492 570.9110483618154603 
-148.4667681424712953 -45.0213482318502471 526.5672578093980292 
-157.0624055177942751 -44.4155138466068422 521.6744146119293646 
-153.4662659003230374 -43.0008756708373312 507.5860855572557853 
-149.3988361258565760 -42.1216730513070985 498.5966574355248895 
-146.5959441823540033 -41.3318834745068173 490.7400116798985437 
-145.1551116606875098 -40.6469837570461223 483.8050021238246359 
-142.9407245192168716 -40.0799456794429929 477.7964369681006360 
-138.0118649140874254 -38.6907232333104005 463.6930389478002326 
-136.4223494988607399 -37.8430234136640138 455.1066727446627169 
-134.7889601543710967 -37.2153162897981034 448.7726493125543925 
-132.5609396813904368 -36.3680807802123738 440.2403440239344263 
-130.2551055337573018 -35.6072525776976647 432.5119576917090853 
-128.0734389078978097 -34.5824772726316780 422.1468046903877394 
-112.0667000939286311 -41.1643831761704533 483.0774404123240515 
-93.8739430594075372 -45.6836814312908785 524.5417226470950709 
-123.2165901420447369 -44.0811464010246254 513.6509049928694139 
-125.2848443324191692 -45.8647216681022201 531.4765944401740398 
-152.3904077088776887 -43.8436124817120216 516.6128963796385278 
-145.6933694219170263 -46.4630819597337847 540.8474427454291344 
-144.9004552113957516 -49.0578717407243730 565.7053360368205404 
-112.7093744796847687 -50.3931563149929644 573.3812357442095617 
-120.7361930820243430 -52.5892437051570951 595.9266458173260617 
-149.2829719611765142 -49.2231287179369232 568.4555594750413547 
73.9793291410608447 -53.1275160899814054 612.0826886241031843 
52.2886711365741093 -53.9769760054337837 618.3534827803046028 
7.8164009262943752 -53.3118262954340452 634.3652094841593225 
</data>
   </translation_vectors1>
</opencv_storage>