<?xml version="1.0"?>
<opencv_storage>
<intrinsic_matrix1 type_id="opencv-matrix">
  <rows>3</rows>
  <cols>3</cols>
  <dt>d</dt>
  <data>
    1.7165833508034307e+03 0. 6.2725754611774164e+02 0.
    1.7197067428178568e+03 5.1319322292063930e+02 0. 0. 1.</data></intrinsic_matrix1>
<distortion_coeffs1 type_id="opencv-matrix">
  <rows>1</rows>
  <cols>4</cols>
  <dt>d</dt>
  <data>
    -2.0245859430346572e-01 1.8760897073643992e-01
    9.9059364470182416e-04 -2.7807051445501731e-03</data></distortion_coeffs1>
<rotation_vectors1 type_id="opencv-matrix">
  <rows>6</rows>
  <cols>3</cols>
  <dt>d</dt>
  <data>
    -3.2700862338864243e-03 2.9061059106899241e+00
    2.5570769422678646e-01 2.1299707513191133e+00 2.2213820261136612e+00
    4.1807927551314422e-01 -2.9467118051298211e+00
    2.5008994913665695e-02 -3.3863668085073595e-01
    3.0935741314546656e+00 -5.0996060243418836e-02
    4.0895831427415058e-01 -2.9496057183532076e+00
    3.0675441412333380e-02 -3.3403317185087311e-01
    -2.8691810143570975e+00 -7.5192437971485573e-02
    -8.3218062188640618e-01</data></rotation_vectors1>
<translation_vectors1 type_id="opencv-matrix">
  <rows>6</rows>
  <cols>3</cols>
  <dt>d</dt>
  <data>
    7.5996704332681375e+00 -8.4278566723574500e+00
    4.6493255030714857e+02 -5.7225535662014018e+00
    -2.2637305478598510e+01 3.9808476312180551e+02
    -3.1175614565397051e+01 1.9539612387817971e+00
    3.7307462472338403e+02 -4.0827527321485249e+01
    -2.4753566313573899e+01 4.4155038600819825e+02
    -7.2240843820109419e+01 2.3027650730922211e+01
    4.5179175955861325e+02 6.8182149583313851e+00 1.4203407782800914e+01
    4.2833164208636072e+02</data></translation_vectors1>
</opencv_storage>
