<?xml version="1.0" encoding="utf-8"?>
<opencv_storage>
   <intrinsic_matrix1 type_id="opencv-matrix">
      <rows>3</rows>
      <cols>3</cols>
      <dt>d</dt>
      <data>1705.7595887159156973 0.0000000000000000 651.6616262955537877 
0.0000000000000000 1707.2732385385927500 508.4216445428195925 
0.0000000000000000 0.0000000000000000 1.0000000000000000 
</data>
   </intrinsic_matrix1>
   <distortion_coeffs1 type_id="opencv-matrix">
      <rows>4</rows>
      <cols>1</cols>
      <dt>d</dt>
      <data>-0.2072781846579293 0.1463878959043401 -0.0022887071563984 0.0018895243368227 </data>
   </distortion_coeffs1>
   <rotation_vectors1 type_id="opencv-matrix">
      <rows>27</rows>
      <cols>3</cols>
      <dt>d</dt>
      <data>-0.3274013749279340 -0.3090033720481886 -0.1305927836108590 
-0.3296441238896565 -0.3087536918748054 -0.1309858184764447 
-0.3313123338481506 -0.3102922108205814 -0.1313831355462694 
-0.3321905789513993 -0.3049294702562685 -0.1296040150642622 
-0.3327558596337466 -0.3018762421505241 -0.1286838903692902 
-0.2909450878771566 -0.2449299977624605 -0.0985677837751016 
-0.2914289348766428 -0.2592650539882094 -0.1033882012414644 
-0.2867582281357492 -0.4643569787626112 -0.1697254088670549 
-0.2905744843862765 -0.3297847983721948 -0.1263570310490428 
-0.2961231836553001 -0.1399066148294915 -0.0649933920701717 
-0.2961811445553085 -0.1558252497577344 -0.0701950537396685 
-0.2952770479928348 -0.1531779498200989 -0.0692960703663881 
-0.2964973920816573 -0.1200113124808067 -0.0584796075126036 
-0.2935637690470872 -0.1834556836031596 -0.0789114262120688 
-0.2916583903518714 -0.2935308386529847 -0.1147873827779887 
-0.2941663202794090 -0.1608483982603227 -0.0715823311470557 
-0.0470576314537564 -0.0695716708741370 -0.0338111821331694 
-0.0457425395097329 -0.0812851565618945 -0.0360758802089442 
-0.0425481787225337 -0.2083980598477510 -0.0601245558616989 
-0.0456561612385673 -0.0957357099031560 -0.0389575873421207 
-0.0469354774695826 -0.0866070240596172 -0.0372745705873775 
-0.0483826643197190 -0.0850816827451498 -0.0370825208741994 
-0.0474090579842062 -0.0890170702386241 -0.0379057138405439 
-0.0428826926894114 -0.2477938348110353 -0.0677484941600448 
-0.0487793766881235 -0.0432721543679939 -0.0289921487201744 
-0.0484387365374162 -0.1038621217063803 -0.0408565609566889 
-0.0454259010403340 -0.2368013905803357 -0.0664787899184272 
</data>
   </rotation_vectors1>
   <translation_vectors1 type_id="opencv-matrix">
      <rows>27</rows>
      <cols>3</cols>
      <dt>d</dt>
      <data>-129.1392910313608979 -27.5154381581638532 455.0581851343719109 
-132.7674593708386794 -29.7389204406377416 470.3745853871136546 
-137.9182288856447940 -32.4451001456894375 487.4919284462215501 
-140.3858730588967205 -34.4875315884761733 500.0638994630679122 
-143.4934418940345040 -36.6091890378054785 512.8589974164888190 
-123.3562002954458450 -36.2564758583604529 518.8599260492671874 
-130.4130511298178590 -39.4050911255435921 538.0412266924640790 
-160.9620368399921233 -37.9864935382036819 531.2203361596846207 
-150.2465487728957214 -39.3962567515730200 539.0333354489837348 
-144.3038406170296355 -40.6393109980670744 546.0715671963139357 
-150.0311838337241284 -43.6357921375210438 564.1532081395348541 
-142.8748262290019113 -37.6598337004937207 528.0131721664284896 
-145.3522491686251783 -40.8484620794970965 547.1745679989483051 
-133.6111332079561009 -36.7477484848335649 522.2371193123066178 
-148.8890173936826784 -35.8603021256390733 517.8157440187652583 
-134.3924436123805890 -37.6541238090492172 527.6049238996994291 
-97.1156362089447498 -53.4380004450398118 541.8673404961311917 
-98.1016286048267432 -56.3056919643398075 558.9515649721352020 
-109.4282294540886937 -55.9845356211894440 557.7693471092184154 
-94.8319403305189752 -58.5243186728459506 572.1806850807711271 
-98.2089768809834567 -63.4736932021411917 601.9422786387210635 
-102.3249654890787497 -70.0626326679753220 641.6033247111436140 
-100.2844210383641297 -65.1665893466324349 612.2329501840106332 
-121.7529999297857444 -63.9175376530203252 605.7447855459175798 
-102.4671311955201674 -72.8953106953359935 658.2801272912902277 
-117.1484355840394471 -76.1191820680419937 678.2388587942534741 
-159.7513127514893938 -73.1343066870692979 662.5223235605299124 
</data>
   </translation_vectors1>
</opencv_storage>