<?xml version="1.0" encoding="utf-8"?>
<opencv_storage>
   <intrinsic_matrix1 type_id="opencv-matrix">
      <rows>3</rows>
      <cols>3</cols>
      <dt>d</dt>
      <data>1707.0187239784613666 0.0000000000000000 651.2614248395234426 
0.0000000000000000 1708.4909731874613499 507.4597557140498338 
0.0000000000000000 0.0000000000000000 1.0000000000000000 
</data>
   </intrinsic_matrix1>
   <distortion_coeffs1 type_id="opencv-matrix">
      <rows>4</rows>
      <cols>1</cols>
      <dt>d</dt>
      <data>-0.2033556112462965 0.1256194460262552 -0.0022960502764716 0.0020554234551535 </data>
   </distortion_coeffs1>
   <rotation_vectors1 type_id="opencv-matrix">
      <rows>24</rows>
      <cols>3</cols>
      <dt>d</dt>
      <data>-0.3279264467189449 -0.3087863509435335 -0.1304895547959370 
-0.3301694467255549 -0.3085318903327672 -0.1308815566607444 
-0.3318376012848779 -0.3100638376025421 -0.1312776222074860 
-0.3327139896633963 -0.3046957122691269 -0.1294990353134611 
-0.2914512518166628 -0.2447078964789578 -0.0984802799443521 
-0.2919398773195945 -0.2590320590624798 -0.1032966842720622 
-0.2873060649598262 -0.4641377464199042 -0.1695870560268238 
-0.2910923540458398 -0.3295482692134932 -0.1262505977383010 
-0.2966006191183720 -0.1396030929288727 -0.0649350826229371 
-0.2966613319953105 -0.1555175581506669 -0.0701322065242826 
-0.2957553779345834 -0.1528871143269822 -0.0692353719485291 
-0.2969713796635519 -0.1196965106397891 -0.0584267634516601 
-0.2940519606937964 -0.1831928572446912 -0.0788416205648222 
-0.2921707304061559 -0.2932919522489656 -0.1146925624321658 
-0.2946499357244654 -0.1605738140778441 -0.0715182514254702 
-0.0430648240615599 -0.2082760552965604 -0.0600728252442375 
-0.0461225414844927 -0.0957591359435317 -0.0389337303645182 
-0.0474370468740813 -0.0865875655589551 -0.0372542562996220 
-0.0489343739444437 -0.0850185549285261 -0.0370634803970046 
-0.0479250149672407 -0.0889756694712989 -0.0378851177548561 
-0.0434240074772180 -0.2476045929009089 -0.0676875588848080 
-0.0493285805389167 -0.0431783002564390 -0.0289843718217087 
-0.0490142322564296 -0.1036659845304999 -0.0408338734314358 
-0.0458629197485783 -0.2364904292527540 -0.0664217570367885 
</data>
   </rotation_vectors1>
   <translation_vectors1 type_id="opencv-matrix">
      <rows>24</rows>
      <cols>3</cols>
      <dt>d</dt>
      <data>-129.0344259100383795 -27.2558724130990058 455.4592590511811636 
-132.6589976919946423 -29.4706458420398718 470.7885200839819504 
-137.8058228058039845 -32.1670224776851654 487.9211247611318640 
-140.2705860537317335 -34.2023456486732940 500.5039506141235393 
-123.2359509374456792 -35.9619251718814184 519.3045305158736937 
-130.2884447254166389 -39.0994271439314502 538.5041660866077109 
-160.8395986748320752 -37.6825227070921827 531.6957451951500389 
-150.1222722784294206 -39.0888136674419400 539.5088503175003325 
-144.1778691171070648 -40.3285516605172276 546.5479509630514485 
-149.9012394960332415 -43.3146463060015918 564.6473733810471458 
-142.7531034430484169 -37.3591819148434539 528.4748855906328799 
-145.2259612649017697 -40.5370434777890267 547.6519593249486206 
-133.4904994142543728 -36.4508031747585193 522.6897671358707385 
-148.7696608288297000 -35.5647460051896402 518.2730192757649093 
-134.2705577557838126 -37.3541775529201630 528.0618566821480044 
-109.2965904590420934 -55.6685629970753340 558.2336579899646267 
-94.6968496362708549 -58.2010924283293249 572.6399635255640987 
-98.0674751958029134 -63.1336728694039095 602.4296784478068503 
-102.1745749771471026 -69.7002165082890031 642.1269960110032571 
-100.1406351870405729 -64.8207119436177095 612.7306481904878410 
-121.6112386268362258 -63.5742182140938397 606.2581747409308264 
-102.3135409301783341 -72.5236545640159136 658.8203934571762375 
-116.9903120099010749 -75.7356929548588056 678.8060329982844223 
-159.5992139576221973 -72.7575926884872928 663.1106850359882401 
</data>
   </translation_vectors1>
</opencv_storage>