%YAML:1.0
---
cameraMatrix: !!opencv-matrix
   rows: 3
   cols: 3
   dt: d
   data: [ 1.7057595887159157e+03, 0., 6.5166162629555379e+02, 0.,
       1.7072732385385928e+03, 5.0842164454281959e+02, 0., 0., 1. ]
distCoeffs: !!opencv-matrix
   rows: 4
   cols: 1
   dt: d
   data: [ -2.0727818465792930e-01, 1.4638789590434009e-01,
       -2.2887071563983999e-03, 1.8895243368227000e-03 ]
planes number: 20
Lineplane0: !!opencv-matrix
   rows: 7
   cols: 7
   dt: d
   data: [ 3.0740689013363498e-01, -3.7240509449345882e-01,
       4.8450960363706866e+02, -9.4164013862609863e-02,
       4.6675967407226563e+02, -9.2172712087631226e-02,
       4.5231399536132813e+02, 1.0215544712358612e-01,
       -2.1739119783449361e+00, 4.3005843363433945e+02,
       -9.2172712087631226e-02, 4.5231399536132813e+02,
       -9.1293022036552429e-02, 4.3691912841796875e+02,
       4.2133863969406795e-03, -3.0392743036500827e+00,
       4.0184363068211968e+02, -9.1293022036552429e-02,
       4.3691912841796875e+02, -8.7778419256210327e-02,
       4.2594015502929688e+02, -1.6699834547497926e-02,
       -3.2242518863779286e+00, 3.9568164024849017e+02,
       -8.7778419256210327e-02, 4.2594015502929688e+02,
       -8.5033126175403595e-02, 4.1472201538085938e+02,
       -4.5727948879279966e-02, -3.5379150638573460e+00,
       3.8484906914062998e+02, -8.5033126175403595e-02,
       4.1472201538085938e+02, -7.1382999420166016e-02,
       4.1167706298828125e+02, -2.6488548265465515e-02,
       -3.3466239956010080e+00, 3.9217089775483055e+02,
       -7.1382999420166016e-02, 4.1167706298828125e+02,
       -7.2995975613594055e-02, 3.9753753662109375e+02,
       -2.9456248494222903e-02, -3.2523214251050079e+00,
       3.9535320496610871e+02, -7.2995975613594055e-02,
       3.9753753662109375e+02, -1.1752124875783920e-01,
       4.0282452392578125e+02 ]
Lineplane1: !!opencv-matrix
   rows: 7
   cols: 7
   dt: d
   data: [ 3.0740689013370126e-01, -3.7240509449297776e-01,
       4.8450960363708367e+02, -9.7025297582149506e-02,
       4.9013119506835938e+02, -9.6099972724914551e-02,
       4.7639001464843750e+02, 9.8673801248369622e-02,
       -2.2081548882373068e+00, 4.4080245211080364e+02,
       -9.6099972724914551e-02, 4.7639001464843750e+02,
       -9.4796590507030487e-02, 4.6067141723632813e+02,
       -5.5775591180538360e-03, -3.1329214525138407e+00,
       4.1665019292699304e+02, -9.4796590507030487e-02,
       4.6067141723632813e+02, -9.1248810291290283e-02,
       4.4960711669921875e+02, -2.8387526916981688e-02,
       -3.3375887849757091e+00, 4.1118749423163212e+02,
       -9.1248810291290283e-02, 4.4960711669921875e+02,
       -8.7983682751655579e-02, 4.3805990600585938e+02,
       -6.0384768791737820e-02, -3.6747620534883492e+00,
       4.0169436633897590e+02, -8.7983682751655579e-02,
       4.3805990600585938e+02, -7.4713535606861115e-02,
       4.3498126220703125e+02, -4.3786910304002037e-02,
       -3.5257366078868961e+00, 4.0657268501677578e+02,
       -7.4713535606861115e-02, 4.3498126220703125e+02,
       -7.6015278697013855e-02, 4.2064486694335938e+02,
       -4.3795411236384044e-02, -3.3748090022806942e+00,
       4.1079164502254116e+02, -7.6015278697013855e-02,
       4.2064486694335938e+02, -1.2088268995285034e-01,
       4.2605038452148438e+02 ]
Lineplane2: !!opencv-matrix
   rows: 7
   cols: 7
   dt: d
   data: [ 3.0740689013366473e-01, -3.7240509449328690e-01,
       4.8450960363707645e+02, -9.9939383566379547e-02,
       5.1358239746093750e+02, -9.8977461457252502e-02,
       5.0000692749023438e+02, 9.6236147427868290e-02,
       -2.2440212385876475e+00, 4.5192040558713188e+02,
       -9.8977461457252502e-02, 5.0000692749023438e+02,
       -9.7669623792171478e-02, 4.8422903442382813e+02,
       -1.6084314299007991e-02, -3.2424122531351900e+00,
       4.3222929153048489e+02, -9.7669623792171478e-02,
       4.8422903442382813e+02, -9.4436191022396088e-02,
       4.7325634765625000e+02, -4.1034504072153442e-02,
       -3.4689020942868942e+00, 4.2765173025568805e+02,
       -9.4436191022396088e-02, 4.7325634765625000e+02,
       -9.0979814529418945e-02, 4.6159481811523438e+02,
       -7.5316111382162002e-02, -3.8373667951817758e+00,
       4.1970379468661866e+02, -9.0979814529418945e-02,
       4.6159481811523438e+02, -7.7795341610908508e-02,
       4.5828942871093750e+02, 1.6730799329695862e-02,
       -2.8925040934515271e+00, 4.4414891355256850e+02,
       -7.7795341610908508e-02, 4.5828942871093750e+02,
       -7.6303742825984955e-02, 4.2081234741210938e+02,
       9.3301858416232949e-03, -2.8629839174127705e+00,
       4.4442738811137099e+02, -7.6303742825984955e-02,
       4.2081234741210938e+02, -1.2391127645969391e-01,
       4.4932077026367188e+02 ]
Lineplane3: !!opencv-matrix
   rows: 7
   cols: 7
   dt: d
   data: [ 3.0740689013372713e-01, -3.7240509449275327e-01,
       4.8450960363708452e+02, -1.0356847196817398e-01,
       5.3748370361328125e+02, -1.0187440365552902e-01,
       5.2335034179687500e+02, 9.6017532976383546e-02,
       -2.2577392140445158e+00, 4.6362472221778449e+02,
       -1.0187440365552902e-01, 5.2335034179687500e+02,
       -1.0178450495004654e-01, 5.0825326538085938e+02,
       -2.7150779058562488e-02, -3.3263867358377444e+00,
       4.4929265170983871e+02, -1.0178450495004654e-01,
       5.0825326538085938e+02, -9.7841210663318634e-02,
       4.9696084594726563e+02, -5.5084072237039920e-02,
       -3.5823273454203615e+00, 4.4577348367286913e+02,
       -9.7841210663318634e-02, 4.9696084594726563e+02,
       -9.4326414167881012e-02, 4.8518832397460938e+02,
       -9.2387638330460764e-02, -3.9790019301611701e+00,
       4.3972941322329683e+02, -9.4326414167881012e-02,
       4.8518832397460938e+02, -8.1247076392173767e-02,
       4.8173178100585938e+02, 4.9093675982084126e-02,
       -2.4942256368673354e+00, 4.6897314239648159e+02,
       -8.1247076392173767e-02, 4.8173178100585938e+02,
       -7.6583638787269592e-02, 4.2091101074218750e+02,
       4.2279784468794539e-02, -2.4435535550015435e+00,
       4.6977501705951619e+02, -7.6583638787269592e-02,
       4.2091101074218750e+02, -1.2672156095504761e-01,
       4.7249060058593750e+02 ]
Lineplane4: !!opencv-matrix
   rows: 7
   cols: 7
   dt: d
   data: [ 3.0740689013366901e-01, -3.7240509449318698e-01,
       4.8450960363707867e+02, -1.0734021663665771e-01,
       5.6149114990234375e+02, -1.0263545811176300e-01,
       5.2379034423828125e+02, 1.8368426248101252e-01,
       -1.3484871416028874e+00, 4.7998111497415647e+02,
       -1.0263545811176300e-01, 5.2379034423828125e+02,
       -1.0438591986894608e-01, 5.3176910400390625e+02,
       4.6731762887367148e-02, -2.3665915052808915e+00,
       4.7327550054520725e+02, -1.0438591986894608e-01,
       5.3176910400390625e+02, -1.0102184116840363e-01,
       5.2076141357421875e+02, -6.3885489400485537e-02,
       -3.3559199409696601e+00, 4.6357944462699072e+02,
       -1.0102184116840363e-01, 5.2076141357421875e+02,
       -9.7731992602348328e-02, 5.0905105590820313e+02,
       -1.4325285647320268e-01, -4.1670314627821199e+00,
       4.5494823633383277e+02, -9.7731992602348328e-02,
       5.0905105590820313e+02, -8.3918273448944092e-02,
       5.0485003662109375e+02, 5.0188037581612735e-02,
       -2.2325548982104380e+00, 4.8374335278764886e+02,
       -8.3918273448944092e-02, 5.0485003662109375e+02,
       -7.9375259578227997e-02, 4.4416937255859375e+02,
       3.0515326049073310e-02, -2.3434943029201878e+00,
       4.8224014584856565e+02, -7.9375259578227997e-02,
       4.4416937255859375e+02, -1.3021440804004669e-01,
       4.9607653808593750e+02 ]
