%YAML:1.0
---
cameraMatrix: !!opencv-matrix
   rows: 3
   cols: 3
   dt: d
   data: [ 1.7070187239784614e+03, 0., 6.5126142483952344e+02, 0.,
       1.7084909731874613e+03, 5.0745975571404983e+02, 0., 0., 1. ]
distCoeffs: !!opencv-matrix
   rows: 4
   cols: 1
   dt: d
   data: [ -2.0335561124629650e-01, 1.2561944602625519e-01,
       -2.2960502764716000e-03, 2.0554234551535002e-03 ]
planes number: 20
Lineplane0: !!opencv-matrix
   rows: 6
   cols: 7
   dt: d
   data: [ 3.0718046550542932e-01, -3.7296509834474534e-01,
       4.8493062493342904e+02, -9.4223432242870331e-02,
       4.6679617309570313e+02, -9.2333495616912842e-02,
       4.5237179565429688e+02, 1.0800698264131135e-01,
       -2.1652798968401079e+00, 4.3130904976212980e+02,
       -9.2333495616912842e-02, 4.5237179565429688e+02,
       -9.1415740549564362e-02, 4.3695587158203125e+02,
       1.1994536288289486e-02, -3.0495479052342063e+00,
       4.0273085185289608e+02, -9.1415740549564362e-02,
       4.3695587158203125e+02, -8.7776206433773041e-02,
       4.2594619750976563e+02, -1.1319914724370946e-02,
       -3.3255702318833755e+00, 3.9377012706622457e+02,
       -8.7776206433773041e-02, 4.2594619750976563e+02,
       -7.1408249437808990e-02, 4.1175482177734375e+02,
       -5.2091027233609202e-04, -3.2029610685695769e+00,
       3.9847030461456126e+02, -7.1408249437808990e-02,
       4.1175482177734375e+02, -7.3082335293292999e-02,
       3.9761828613281250e+02, -1.4229623362407448e-02,
       -3.2091011260760065e+00, 3.9773183386341520e+02,
       -7.3082335293292999e-02, 3.9761828613281250e+02,
       -1.1767291277647018e-01, 4.0295068359375000e+02 ]
Lineplane1: !!opencv-matrix
   rows: 6
   cols: 7
   dt: d
   data: [ 3.0718046550574746e-01, -3.7296509834171815e-01,
       4.8493062493350499e+02, -9.6998929977416992e-02,
       4.9008697509765625e+02, -9.6020117402076721e-02,
       4.7637561035156250e+02, 1.0392950883234656e-01,
       -2.1965769974052884e+00, 4.4211742556796571e+02,
       -9.6020117402076721e-02, 4.7637561035156250e+02,
       -9.4701424241065979e-02, 4.6063616943359375e+02,
       3.6374663074151474e-03, -3.1160936322254731e+00,
       4.1853635264780814e+02, -9.4701424241065979e-02,
       4.6063616943359375e+02, -9.1274067759513855e-02,
       4.4961755371093750e+02, -2.2119563211474440e-02,
       -3.4176587694882552e+00, 4.1078132581377969e+02,
       -9.1274067759513855e-02, 4.4961755371093750e+02,
       -7.4646346271038055e-02, 4.3503060913085938e+02,
       -1.3013523092606925e-02, -3.2979861321143251e+00,
       4.1453745597050386e+02, -7.4646346271038055e-02,
       4.3503060913085938e+02, -7.6512873172760010e-02,
       4.2091476440429688e+02, -2.8391257363315780e-02,
       -3.3116187766455418e+00, 4.1359713079257034e+02,
       -7.6512873172760010e-02, 4.2091476440429688e+02,
       -1.2083721905946732e-01, 4.2608032226562500e+02 ]
Lineplane2: !!opencv-matrix
   rows: 6
   cols: 7
   dt: d
   data: [ 3.0718046550550571e-01, -3.7296509834402736e-01,
       4.8493062493344348e+02, -9.9979020655155182e-02,
       5.1362078857421875e+02, -9.9088989198207855e-02,
       5.0005938720703125e+02, 9.9830225339812520e-02,
       -2.2387543093208180e+00, 4.5303659737625406e+02,
       -9.9088989198207855e-02, 5.0005938720703125e+02,
       -9.7698673605918884e-02, 4.8424768066406250e+02,
       -1.0681782668551141e-02, -3.2418861394987930e+00,
       4.3355827069595290e+02, -9.7698673605918884e-02,
       4.8424768066406250e+02, -9.4377189874649048e-02,
       4.7323254394531250e+02, -3.7597718376869219e-02,
       -3.5670314549550368e+00, 4.2731594898294719e+02,
       -9.4377189874649048e-02, 4.7323254394531250e+02,
       -7.7588401734828949e-02, 4.5827185058593750e+02,
       -2.8962193437001630e-02, -3.4393616298924061e+00,
       4.3043505299028357e+02, -7.7588401734828949e-02,
       4.5827185058593750e+02, -7.9423353075981140e-02,
       4.4422201538085938e+02, -4.4303354699770349e-02,
       -3.4556627518987590e+00, 4.2957541382209894e+02,
       -7.9423353075981140e-02, 4.4422201538085938e+02,
       -1.2395849078893661e-01, 4.4941476440429688e+02 ]
Lineplane3: !!opencv-matrix
   rows: 6
   cols: 7
   dt: d
   data: [ 3.0718046550520800e-01, -3.7296509834655223e-01,
       4.8493062493340619e+02, -1.0348416119813919e-01,
       5.3744909667968750e+02, -1.0272461175918579e-01,
       5.2383148193359375e+02, 9.5978150175774588e-02,
       -2.2643702084615192e+00, 4.6449655409419364e+02,
       -1.0272461175918579e-01, 5.2383148193359375e+02,
       -1.0156354308128357e-01, 5.0814166259765625e+02,
       -2.3485490374406837e-02, -3.3442954599147861e+00,
       4.5035785271442893e+02, -1.0156354308128357e-01,
       5.0814166259765625e+02, -9.7718104720115662e-02,
       4.9691290283203125e+02, -5.4363367949878186e-02,
       -3.6999243826282968e+00, 4.4573569631654738e+02,
       -9.7718104720115662e-02, 4.9691290283203125e+02,
       -8.1328898668289185e-02, 4.8179809570312500e+02,
       -4.5376794248285689e-02, -3.5760513475312639e+00,
       4.4798717896534038e+02, -8.1328898668289185e-02,
       4.8179809570312500e+02, -8.2534134387969971e-02,
       4.6751486206054688e+02, -6.1796307893786630e-02,
       -3.5895110440794689e+00, 4.4725850810339085e+02,
       -8.2534134387969971e-02, 4.6751486206054688e+02,
       -1.2689666450023651e-01, 4.7256222534179688e+02 ]
Lineplane4: !!opencv-matrix
   rows: 6
   cols: 7
   dt: d
   data: [ 3.0718046550540928e-01, -3.7296509834481018e-01,
       4.8493062493342990e+02, -1.0726279765367508e-01,
       5.6145013427734375e+02, -1.0637294501066208e-01,
       5.4788421630859375e+02, 9.3044000423420370e-02,
       -2.2837396644807799e+00, 4.7630912824156485e+02,
       -1.0637294501066208e-01, 5.4788421630859375e+02,
       -1.0445699840784073e-01, 5.3180303955078125e+02,
       -3.6175712619476226e-02, -3.4545225056199653e+00,
       4.6847707001779389e+02, -1.0445699840784073e-01,
       5.3180303955078125e+02, -1.0104541480541229e-01,
       5.2080206298828125e+02, -6.7953336578299522e-02,
       -3.8187405425412093e+00, 4.6607630074907712e+02,
       -1.0104541480541229e-01, 5.2080206298828125e+02,
       -8.3751216530799866e-02, 5.0480209350585938e+02,
       -5.9583693262104311e-02, -3.6933186109389351e+00,
       4.6755362002493411e+02, -8.3751216530799866e-02,
       5.0480209350585938e+02, -8.5854858160018921e-02,
       4.9095849609375000e+02, -8.0613684151536635e-02,
       -3.7465665785599209e+00, 4.6649852412457653e+02,
       -8.5854858160018921e-02, 4.9095849609375000e+02,
       -1.3027037680149078e-01, 4.9616567993164063e+02 ]
Lineplane5: !!opencv-matrix
   rows: 6
   cols: 7
   dt: d
   data: [ 3.0718046550527961e-01, -3.7296509834587044e-01,
       4.8493062493342995e+02, -1.1087943613529205e-01,
       5.8557928466796875e+02, -1.0949540138244629e-01,
       5.7182354736328125e+02, 9.2180516032494456e-02,
       -2.2902923173233325e+00, 4.8838394590403669e+02,
       -1.0949540138244629e-01, 5.7182354736328125e+02,
       -1.0839603841304779e-01, 5.5599218750000000e+02,
       -4.8870697267958042e-02, -3.5487526333621262e+00,
       4.8788196491500577e+02, -1.0839603841304779e-01,
       5.5599218750000000e+02, -1.0484752058982849e-01,
       5.4481530761718750e+02, -8.6978424407625876e-02,
       -3.9738014704651090e+00, 4.8770327890148963e+02,
       -1.0484752058982849e-01, 5.4481530761718750e+02,
       -8.6949974298477173e-02, 5.2823980712890625e+02,
       -7.5784637302306959e-02, -3.8558186160323977e+00,
       4.8863232667799110e+02, -8.6949974298477173e-02,
       5.2823980712890625e+02, -8.9009679853916168e-02,
       5.1442871093750000e+02, -9.7204543025125129e-02,
       -3.8744412688455050e+00, 4.8799079501325150e+02,
       -8.9009679853916168e-02, 5.1442871093750000e+02,
       -1.3384401798248291e-01, 5.1983532714843750e+02 ]
