<?xml version="1.0" encoding="utf-8"?>
<opencv_storage>
   <intrinsic_matrix1 type_id="opencv-matrix">
      <rows>3</rows>
      <cols>3</cols>
      <dt>d</dt>
      <data>1706.0751052727921433 0.0000000000000000 636.2039698491204263 
0.0000000000000000 1703.8897153396806061 495.5215823124632379 
0.0000000000000000 0.0000000000000000 1.0000000000000000 
</data>
   </intrinsic_matrix1>
   <distortion_coeffs1 type_id="opencv-matrix">
      <rows>4</rows>
      <cols>1</cols>
      <dt>d</dt>
      <data>-0.2013520828912445 0.1072856488300652 -0.0011054150882602 0.0009154408712783 </data>
   </distortion_coeffs1>
   <rotation_vectors1 type_id="opencv-matrix">
      <rows>36</rows>
      <cols>3</cols>
      <dt>d</dt>
      <data>-0.5323474414814677 -0.2038982422894123 -0.0922336757323800 
-0.5329823704472965 -0.2001852448523120 -0.0910497846724939 
-0.5330154631301401 -0.2001513751716849 -0.0910655701791959 
-0.5339563660457488 -0.2000241414816691 -0.0913558760818028 
-0.5340751262741683 -0.2009757697884324 -0.0917046621296583 
-0.5343041830455575 -0.1989963661037312 -0.0910010847747914 
-0.5342477450186064 -0.1989998555998867 -0.0910007370279547 
-0.2640733211131466 -0.2629705321387990 -0.0666486209737089 
-0.2642396641487008 -0.2620539804115771 -0.0663969569005690 
-0.2640259466958908 -0.2632411111412593 -0.0665864021605260 
-0.2636242597123772 -0.2564706230746985 -0.0649797668823168 
-0.2634506564132693 -0.2604576007818953 -0.0658472561023435 
-0.2606676475748934 -0.0478637438139258 -0.0163812162246398 
-0.2593042497889244 -0.0142606951813148 -0.0083866198019016 
-0.2621202071482996 -0.1343850361084883 -0.0363712941892884 
-0.2622601532791089 -0.1332598059618083 -0.0362402358317031 
-0.2648444044826874 -0.2214243640777800 -0.0571260475698149 
-0.2638672207575434 -0.1734618967719612 -0.0458329162418584 
-0.2630883486678881 -0.1500098678462238 -0.0403336486557643 
-0.2603283392081671 0.0154689268738278 -0.0017376322183975 
-0.2608669577255108 -0.0166104595453178 -0.0091857964712973 
-0.2641294144439558 -0.1754425311239664 -0.0463630430297389 
-0.2537928469211649 0.7199571313328792 0.1652866446314152 
-0.2545607832258798 0.5451390960013855 0.1237008892305057 
-0.2676414559868791 0.3701442297515322 0.0785312960249052 
-0.2613629804070503 -0.2782150565461895 -0.0698378024466886 
-0.2621359821166543 -0.2844610931840936 -0.0713852359018850 
-0.2630889376404674 -0.2939473942600606 -0.0737079925887482 
-0.2641960148477961 -0.2840898410053512 -0.0717134807833461 
-0.2640231809288233 -0.2899397410023583 -0.0729399168849924 
-0.2642961411586245 -0.2946909129185721 -0.0740876056849385 
-0.2647033399329664 -0.2823324413773785 -0.0712552795718873 
-0.2646072811411442 -0.2888442059147094 -0.0727048813828205 
-0.2650604309501482 -0.2795320594079702 -0.0706312306495553 
-0.2642982946701733 -0.2673504423279065 -0.0677025288414062 
-0.2643748390475463 -0.2681949703847914 -0.0678894966050587 
</data>
   </rotation_vectors1>
   <translation_vectors1 type_id="opencv-matrix">
      <rows>36</rows>
      <cols>3</cols>
      <dt>d</dt>
      <data>-125.4903092041228234 -15.3884145179256375 446.4462493497841820 
-128.7201953590349035 -16.6142817166464809 460.7299359502748075 
-128.7231041270523519 -16.6033339146220662 460.7407015492277651 
-128.8110712571548504 -16.4595987547167333 460.9712352002528633 
-130.8444571011716278 -17.0194465458148301 467.3329309600191550 
-133.4298164878657360 -18.5914162864860018 484.2778652963398258 
-133.4269061075266052 -18.5946015358113250 484.2656927717924304 
-142.4808617730917035 -37.5671680028191020 481.5016915064259138 
-135.9836220066477495 -35.4496905948040109 458.6323154807060405 
-132.1354724567599419 -34.0527510039245058 443.6481136394557439 
-129.8381596857782938 -33.3329711064501879 435.8605368528212125 
-127.6649148938243172 -32.3622344246124243 425.4130482264947091 
-111.6436514618753506 -38.6431083693885782 486.8666599437354989 
-93.4169307099673745 -42.9551853757715065 528.6292942946588482 
-122.7558118218086918 -41.3976839401253969 517.6553701894578126 
-124.8086213421064912 -43.0889323902214301 535.6215010107021044 
-151.9065454040435554 -41.1300309825728334 520.6507351352566957 
-145.2002716966273965 -43.6301884623133134 545.0810651577522776 
-144.3905344157805644 -46.0986853007705975 570.1391576186878183 
-112.2061664585232847 -47.4064288568975556 577.8693732540476731 
-120.2138779429868691 -49.4850126108193464 600.6021105144589001 
-148.7647891171170045 -46.2469019292131875 572.9010226404254809 
74.4320808862341607 -49.9145828119544106 616.0832660513987094 
52.7847038220042108 -50.7391857487806917 622.5518634625422010 
8.3661562498577364 -50.0031892280705961 638.8918897742779563 
-146.7350138899795695 -43.5933024739019217 538.1666267948767199 
-148.9605942549061979 -43.7824836859673638 541.8455361836098518 
-153.8334803060235458 -44.3925723811030508 550.6831148133243232 
-154.0813577041170390 -44.7814593781858648 556.3721081730267315 
-155.9319691480074255 -45.0651825182634838 559.8644630945171912 
-157.4598166784755904 -45.3483604022364446 563.1872072517213610 
-158.8335924730003796 -46.4225182464295685 575.3141213746666836 
-147.9563623677953217 -42.2534864608450533 530.6233075555086316 
-156.5574634816845503 -41.6702488594926592 525.7212817639077684 
-146.1230735203364191 -38.7507586299923759 494.5454539448467699 
-144.6884046872971510 -38.1020832039005271 487.5565232207521831 
</data>
   </translation_vectors1>
</opencv_storage>