%YAML:1.0
---
cameraMatrix: !!opencv-matrix
   rows: 3
   cols: 3
   dt: d
   data: [ 1.7060751052727921e+03, 0., 6.3620396984912043e+02, 0.,
       1.7038897153396806e+03, 4.9552158231246324e+02, 0., 0., 1. ]
distCoeffs: !!opencv-matrix
   rows: 4
   cols: 1
   dt: d
   data: [ -2.0135208289124451e-01, 1.0728564883006519e-01,
       -1.1054150882601999e-03, 9.1544087127830005e-04 ]
planes number: 20
lineplane0: !!opencv-matrix
   rows: 3
   cols: 1
   dt: d
   data: [ 4.1007956615686642e-01, -1.0926693626048621e+01,
       -3.9328521974065886e+01 ]
lineplane1: !!opencv-matrix
   rows: 3
   cols: 1
   dt: d
   data: [ 4.3469497961898040e-01, -1.2304302955366232e+01,
       -3.6124795549065716e+01 ]
lineplane2: !!opencv-matrix
   rows: 3
   cols: 1
   dt: d
   data: [ 4.6875508222925327e-01, -1.4535612200081761e+01,
       -4.9918895213904818e+01 ]
lineplane3: !!opencv-matrix
   rows: 3
   cols: 1
   dt: d
   data: [ 4.9552915173971590e-01, -1.6765151962803632e+01,
       -3.8218615520591378e+01 ]
lineplane4: !!opencv-matrix
   rows: 3
   cols: 1
   dt: d
   data: [ 5.6002426086043189e-01, -2.0935669219379477e+01,
       -5.2363165743760113e+01 ]
lineplane5: !!opencv-matrix
   rows: 3
   cols: 1
   dt: d
   data: [ 6.6711745344112583e-01, -2.7761252719294443e+01,
       -7.3288937475962612e+01 ]
lineplane6: !!opencv-matrix
   rows: 3
   cols: 1
   dt: d
   data: [ 8.0129826089346967e-01, -3.7215700963132250e+01,
       -5.7684030975749209e+01 ]
lineplane7: !!opencv-matrix
   rows: 3
   cols: 1
   dt: d
   data: [ 1.0432058629004852e+00, -5.4338819015620523e+01,
       -7.0592341059193577e+00 ]
lineplane8: !!opencv-matrix
   rows: 3
   cols: 1
   dt: d
   data: [ 6.9093119689911564e-01, -3.5261841421900250e+01,
       3.5794410747521931e+02 ]
lineplane9: !!opencv-matrix
   rows: 3
   cols: 1
   dt: d
   data: [ -7.8092468979891050e-01, 6.4927538193905662e+01,
       3.5594206474886198e+02 ]
lineplane10: !!opencv-matrix
   rows: 3
   cols: 1
   dt: d
   data: [ -4.3399324790829358e-01, 4.4599506086302426e+01,
       1.5219107377630070e+02 ]
lineplane11: !!opencv-matrix
   rows: 3
   cols: 1
   dt: d
   data: [ -2.3918736367669094e-01, 3.1873261703501136e+01,
       7.2780748412197482e+01 ]
lineplane12: !!opencv-matrix
   rows: 3
   cols: 1
   dt: d
   data: [ -1.3363525241836746e-01, 2.3745033377963257e+01,
       4.8294453926591217e+01 ]
lineplane13: !!opencv-matrix
   rows: 3
   cols: 1
   dt: d
   data: [ -4.3556618412930695e-02, 1.9120367940023918e+01,
       2.9771972682099193e+01 ]
lineplane14: !!opencv-matrix
   rows: 3
   cols: 1
   dt: d
   data: [ 2.2983562153980525e-02, 1.6362155727378344e+01,
       6.8949040514656872e+00 ]
lineplane15: !!opencv-matrix
   rows: 3
   cols: 1
   dt: d
   data: [ 2.4492431251789886e-02, 1.3936220757880031e+01,
       2.3237235431240535e+00 ]
lineplane16: !!opencv-matrix
   rows: 3
   cols: 1
   dt: d
   data: [ 6.4042024623783014e-02, 1.2163537907611282e+01,
       -2.2818568587507655e+00 ]
lineplane17: !!opencv-matrix
   rows: 3
   cols: 1
   dt: d
   data: [ 8.3943617187350814e-02, 1.0747165469072556e+01,
       -3.5277447552189378e+00 ]
lineplane18: !!opencv-matrix
   rows: 3
   cols: 1
   dt: d
   data: [ 1.0589143339381486e-01, 9.5557231903599558e+00,
       -1.0114861174344150e+00 ]
lineplane19: !!opencv-matrix
   rows: 3
   cols: 1
   dt: d
   data: [ 1.2095388610250718e-01, 8.7617882658324699e+00,
       -7.3589861711691604e+00 ]
