<?xml version="1.0" encoding="utf-8"?>
<opencv_storage>
   <intrinsic_matrix1 type_id="opencv-matrix">
      <rows>3</rows>
      <cols>3</cols>
      <dt>d</dt>
      <data>1706.8754355255473456 0.0000000000000000 639.1741255111467126 
0.0000000000000000 1706.6603717174796202 502.1788874709360471 
0.0000000000000000 0.0000000000000000 1.0000000000000000 
</data>
   </intrinsic_matrix1>
   <distortion_coeffs1 type_id="opencv-matrix">
      <rows>4</rows>
      <cols>1</cols>
      <dt>d</dt>
      <data>-0.2197556263470021 0.2853108343013768 0.0012941693600434 0.0008564592758197 </data>
   </distortion_coeffs1>
   <rotation_vectors1 type_id="opencv-matrix">
      <rows>69</rows>
      <cols>3</cols>
      <dt>d</dt>
      <data>-0.1836481134397196 -0.1784582130497651 -0.0608758055950624 
-0.1838848445679077 -0.1788514997078162 -0.0609022756584088 
-0.1848050466448088 -0.1764472291462295 -0.0604995761951293 
-0.1846357961746073 -0.1762712182813003 -0.0604954729472394 
-0.1844318121102639 -0.1761137023406542 -0.0605161895411793 
-0.1844939911199999 -0.1763586056639038 -0.0605050338674546 
-0.1846061590186161 -0.1761891049021517 -0.0604925220834415 
-0.1843962614348441 -0.1760430827868686 -0.0605210835803920 
-0.1847388880392992 -0.1760204081372791 -0.0605286302964147 
-0.1848088458640886 -0.1762545161395574 -0.0605141462368429 
-0.1848945899882853 -0.1760245037319821 -0.0605627836889381 
-0.1845777699031022 -0.1762555734639673 -0.0605204405905611 
-0.1849070049020687 -0.1760512094585095 -0.0605751657496135 
-0.1850827380990048 -0.1759540136382006 -0.0605819350183762 
-0.1845893867906691 -0.1758688934541427 -0.0605362501130569 
-0.1848521433210401 -0.1757347244475963 -0.0605762016209504 
-0.1852595085475673 -0.1759112605208315 -0.0606292055415841 
-0.1851756065132296 -0.1762928224469387 -0.0605956149300528 
-0.1853362984009182 -0.1761438568143359 -0.0605882399650673 
-0.1851123298064071 -0.1761483250064004 -0.0605834613197984 
-0.1852366727298062 -0.1760582117331708 -0.0606441829919226 
-0.1854156933910004 -0.1756358898930500 -0.0606503396929362 
-0.1853658194226349 -0.1762281281427371 -0.0605920565256879 
-0.1855746587305234 -0.1761324572699851 -0.0606395152366549 
-0.1854750610830864 -0.1763608808988326 -0.0606580963382311 
-0.1854586524802178 -0.1760416926722721 -0.0606442194409246 
-0.1856734237332657 -0.1759239519140781 -0.0606313842158334 
-0.1855579765715565 -0.1763623999080170 -0.0606203269115698 
-0.1857629866427819 -0.1761357328550116 -0.0607212492335932 
-0.1861428841373969 -0.1758573538476207 -0.0608094857547433 
-0.1856565219095230 -0.1762974439819917 -0.0606783699663785 
-0.1858354295493431 -0.1758133548109859 -0.0607470080801391 
-0.1862376580098411 -0.1761782159033327 -0.0607615654472107 
-0.1860493621623388 -0.1759330762433710 -0.0607788364804300 
-0.1864804434268454 -0.1760992960569945 -0.0607893404183657 
-0.1869568281898296 -0.1758989888675520 -0.0608224769931525 
-0.1868000567118605 -0.1759374610659242 -0.0608331791619863 
-0.1866161533986881 -0.1759316480871106 -0.0608259476617044 
-0.1870011385977112 -0.1759708532988133 -0.0608701256343759 
-0.1870166798264424 -0.1764346190249553 -0.0608032402337608 
-0.1865925793909684 -0.1757544596614765 -0.0608511731367993 
-0.1868268330270984 -0.1765313213622129 -0.0608085944707894 
-0.1869764143044481 -0.1766525364382069 -0.0608183267559507 
-0.1872684070377192 -0.1760171156258888 -0.0608845004165659 
-0.1876742372709585 -0.1760493967365935 -0.0609299844392791 
-0.1872072998985725 -0.1763663722217300 -0.0608366830374417 
-0.1872863210956753 -0.1761661666487824 -0.0608555945131996 
-0.1879446073945931 -0.1767713346974349 -0.0608965572875850 
-0.1877534398197009 -0.1764941591612270 -0.0608638660486123 
-0.1876815296645016 -0.1766869958135733 -0.0609238583531197 
-0.1877542341701449 -0.1763262742572955 -0.0609165854015263 
-0.1879351068329242 -0.1762457243247295 -0.0609287791289355 
-0.1985751204754633 -0.0708823098673890 -0.0275363925657387 
-0.2091830675458679 0.1836363172797221 0.0446378081312560 
-0.2078559983854005 -0.1496917835527695 -0.0537582542426048 
-0.0177387626081998 0.2697968125734313 -0.0090865677280370 
0.1289863593089302 0.2519336698617010 -0.0229460912151198 
-0.0571291860021339 0.4629708612383205 0.0239889007669533 
-0.0141732388216085 0.4431169553128589 0.0441878066770374 
-0.2388432996724140 0.2728685855519323 -0.0139419882799467 
-0.2411600781740471 0.1289659923032744 -0.0547007043542817 
-0.2747723835435601 -0.0187577771394988 -0.1457708661568818 
-0.2764013909761678 -0.0184811762491072 -0.1339023014225892 
-0.2806701832539016 -0.1610056400625530 -0.1903862952876295 
-0.2598846288069987 -0.1643077531511304 -0.1932408148681894 
-0.1709448982265282 -0.1183241081640304 -0.1520788047680388 
0.2377005375113384 0.2198190141644074 -0.1981921853817656 
-0.1263347857967077 0.2410502073862892 -0.0341119561829164 
-0.1715621283376938 0.4696307163400251 0.0784150600459408 
</data>
   </rotation_vectors1>
   <translation_vectors1 type_id="opencv-matrix">
      <rows>69</rows>
      <cols>3</cols>
      <dt>d</dt>
      <data>-105.4525666431123625 19.5880515871739362 445.8735711637857548 
-106.0469262404376991 19.2836082811792870 447.8160158696327358 
-106.5064393913516909 18.9886403543310038 450.0142597549809693 
-107.0981907533887068 18.6711261344172250 451.9735466753811579 
-107.6969847504397819 18.3657450076241986 453.9438800040546766 
-108.2860926835584223 18.0466264672796513 455.8737060393913794 
-108.8830940965380591 17.7284186473051371 457.8670864616779568 
-109.4672111588105139 17.4205145147453067 459.7778113440227230 
-110.0668052916837354 17.1018469823593691 461.7735772155044742 
-110.6443167249227457 16.7747622620296610 463.6727767458648373 
-111.2505133792892735 16.4665483140962223 465.6536306062328094 
-111.8354736083246905 16.1424696054328010 467.5554214255075749 
-112.4282156637217724 15.8382254431282803 469.5545205195339236 
-113.0195390144507996 15.5250429778010162 471.4943812690597156 
-113.6061743606379650 15.1983947045893135 473.4115006343494088 
-114.2038119839977242 14.8882063671071041 475.3993450933705844 
-114.8062042118860973 14.5880807675164270 477.3925549820757510 
-115.3818372012717077 14.2599993189667309 479.2487973603084015 
-115.9744765903311645 13.9421592060467621 481.2306404795860431 
-116.5648015913431692 13.6255876201175017 483.1532705280856135 
-117.1666740577089172 13.3195167186526291 485.1544644674947904 
-117.1681237831474931 13.3159133605333881 485.1753920936423015 
-117.7491937809581231 12.9962595299427530 487.0624780224025585 
-118.3454058396670234 12.6882707674478823 489.0442941390168130 
-118.9341876238784010 12.3702012094553631 490.9598217372024465 
-119.5269771431471213 12.0523927331261156 492.9162245950802230 
-120.1135015313915488 11.7268267665679389 494.8548267021553215 
-120.7040085880844771 11.4170609259074443 496.8022713790877560 
-121.3040812119116367 11.1166260616876986 498.7443771070280150 
-121.9080611441874140 10.8129742805448252 500.7374267884894721 
-122.4879721720021308 10.4747799136672946 502.6214546409359514 
-123.0879537828044050 10.1724171870986950 504.6242126887206041 
-123.6787786359091541 9.8579183075855852 506.5578646465599491 
-124.2808611795856137 9.5502881438058882 508.5476645568985532 
-124.8632817511268343 9.2349755313003250 510.4756426316677675 
-125.4607627568023105 8.9170350647819561 512.4603693281707137 
-126.0556345301846903 8.6129414228973982 514.4292937164062778 
-126.6476387774451950 8.2942259972614512 516.3643216737781358 
-127.2355136753170370 7.9789209590276524 518.2921837583796787 
-127.8202453028637677 7.6476204675542370 520.2122963022154636 
-128.4219012260585089 7.3506767821888825 522.2298833189523748 
-129.0000334326505254 7.0191305484131039 524.0735016819913881 
-129.5893207934659586 6.7004236215795894 526.0344647314465192 
-130.1984411326958764 6.4071324863091235 528.0406581216788027 
-130.7946142449678746 6.0949436365560210 530.0191362277236067 
