<?xml version="1.0" encoding="utf-8"?>
<opencv_storage>
   <intrinsic_matrix1 type_id="opencv-matrix">
      <rows>3</rows>
      <cols>3</cols>
      <dt>d</dt>
      <data>1693.1563202293370978 0.0000000000000000 637.6779207545411055 
0.0000000000000000 1692.3842340632336345 504.3962443053640641 
0.0000000000000000 0.0000000000000000 1.0000000000000000 
</data>
   </intrinsic_matrix1>
   <distortion_coeffs1 type_id="opencv-matrix">
      <rows>4</rows>
      <cols>1</cols>
      <dt>d</dt>
      <data>-0.1990693075537274 0.0928385972954300 -0.0014035704268434 0.0009338850551764 </data>
   </distortion_coeffs1>
   <rotation_vectors1 type_id="opencv-matrix">
      <rows>33</rows>
      <cols>3</cols>
      <dt>d</dt>
      <data>-0.2579530606506117 -0.2777588915457802 -0.0705764173362212 
-0.2586825038054996 -0.2840089984595381 -0.0721364442789946 
-0.2595703625485452 -0.2935115202824347 -0.0744773121316457 
-0.2607385007328896 -0.2836872606565904 -0.0724631896251854 
-0.2605256447665282 -0.2895335563606586 -0.0737011430265307 
-0.2607646986768065 -0.2942834142650285 -0.0748585183519321 
-0.2612458681227716 -0.2819669953596680 -0.0720010889714129 
-0.2611330571077131 -0.2883929594810354 -0.0734652193467265 
-0.2617022655122909 -0.2791920130474678 -0.0713630248582301 
-0.2614404030239719 -0.2796351432362069 -0.0714792378568258 
-0.2613604468789972 -0.2714912635314304 -0.0695029120269025 
-0.2610459960696193 -0.2669706886310266 -0.0684106429805908 
-0.2611223035688142 -0.2678017398101308 -0.0685991375417517 
-0.2608614858100951 -0.2625762511519741 -0.0673476599311654 
-0.2607473754125357 -0.2574567900820790 -0.0661013974280261 
-0.2610463025559954 -0.2616063521446150 -0.0670949847667272 
-0.2606855123403064 -0.2626858430954419 -0.0672566615591488 
-0.2608359448280064 -0.2627514477243966 -0.0672872871046889 
-0.2604910714482679 -0.2559822042449805 -0.0656666013683249 
-0.2602998095327743 -0.2599307323966400 -0.0665425271687807 
-0.2583812731639031 -0.0488226149920341 -0.0165853935043078 
-0.2570376071621482 -0.0152572589362684 -0.0085182878272939 
-0.2595904995329878 -0.1345748603626830 -0.0367957818357745 
-0.2597165657455714 -0.1334776743304877 -0.0366634825127986 
-0.2619021256961927 -0.2213355515538787 -0.0577376230464493 
-0.2611567011394644 -0.1736123082573021 -0.0463438435143530 
-0.2604633701169279 -0.1503229014549096 -0.0407932219291695 
-0.2578835806766965 0.0138890062438148 -0.0017869245062609 
-0.2584563388689546 -0.0179446070496781 -0.0093212216420174 
-0.2613732331966260 -0.1755894990035569 -0.0468804020004162 
-0.2487691918332357 0.7185975482776442 0.1667424664307966 
-0.2498431410744751 0.5432992701473857 0.1247642053368115 
-0.2636435314218336 0.3679120131664790 0.0792679372446199 
</data>
   </rotation_vectors1>
   <translation_vectors1 type_id="opencv-matrix">
      <rows>33</rows>
      <cols>3</cols>
      <dt>d</dt>
      <data>-0.2579530606506117 -0.2777588915457802 -0.0705764173362212 
-0.2586825038054996 -0.2840089984595381 -0.0721364442789946 
-0.2595703625485452 -0.2935115202824347 -0.0744773121316457 
-0.2607385007328896 -0.2836872606565904 -0.0724631896251854 
-0.2605256447665282 -0.2895335563606586 -0.0737011430265307 
-0.2607646986768065 -0.2942834142650285 -0.0748585183519321 
-0.2612458681227716 -0.2819669953596680 -0.0720010889714129 
-0.2611330571077131 -0.2883929594810354 -0.0734652193467265 
-0.2617022655122909 -0.2791920130474678 -0.0713630248582301 
-0.2614404030239719 -0.2796351432362069 -0.0714792378568258 
-0.2613604468789972 -0.2714912635314304 -0.0695029120269025 
-0.2610459960696193 -0.2669706886310266 -0.0684106429805908 
-0.2611223035688142 -0.2678017398101308 -0.0685991375417517 
-0.2608614858100951 -0.2625762511519741 -0.0673476599311654 
-0.2607473754125357 -0.2574567900820790 -0.0661013974280261 
-0.2610463025559954 -0.2616063521446150 -0.0670949847667272 
-0.2606855123403064 -0.2626858430954419 -0.0672566615591488 
-0.2608359448280064 -0.2627514477243966 -0.0672872871046889 
-0.2604910714482679 -0.2559822042449805 -0.0656666013683249 
-0.2602998095327743 -0.2599307323966400 -0.0665425271687807 
-0.2583812731639031 -0.0488226149920341 -0.0165853935043078 
-0.2570376071621482 -0.0152572589362684 -0.0085182878272939 
-0.2595904995329878 -0.1345748603626830 -0.0367957818357745 
-0.2597165657455714 -0.1334776743304877 -0.0366634825127986 
-0.2619021256961927 -0.2213355515538787 -0.0577376230464493 
-0.2611567011394644 -0.1736123082573021 -0.0463438435143530 
-0.2604633701169279 -0.1503229014549096 -0.0407932219291695 
-0.2578835806766965 0.0138890062438148 -0.0017869245062609 
-0.2584563388689546 -0.0179446070496781 -0.0093212216420174 
-0.2613732331966260 -0.1755894990035569 -0.0468804020004162 
-0.2487691918332357 0.7185975482776442 0.1667424664307966 
-0.2498431410744751 0.5432992701473857 0.1247642053368115 
-0.2636435314218336 0.3679120131664790 0.0792679372446199 
</data>
   </translation_vectors1>
</opencv_storage>